0	1.0
1	0.5035048696135935
2	0.3912176220502095
3	0.27394313961108535
4	0.1122497284434348
5	0.0506400745442238
6	0.005562254124862883
7	-0.01680908178169007
8	-0.030220652361336704
9	-0.03824710446065399
10	-0.023919685403170066
11	-0.03156156857221866
12	-0.01986990083853683
13	-0.05149690484052879
14	-0.0371528191680563
15	0.004827328944260418
16	-0.032689192713366906
17	-0.027079771203120096
18	-0.005861893108437293
19	-0.10395791931790768
20	-0.14891321500026058
21	-0.14743356856062845
22	-0.12147435061141726
23	-0.15374133782426894
24	-0.14629826749574992
25	-0.11343139066567538
26	-0.09468986150750917
27	-0.025076459383239547
28	-0.05398045661820019
29	0.003455032150378769
30	0.017795714704831274
31	-0.03199803481315662
32	0.016750945932220866
33	0.059449900177815374
34	0.04415613672492062
35	0.07090308908226468
36	0.028578718688233393
37	0.06814897735488872
38	0.011488819536877498
39	-0.0016364038924402274
40	0.033846173460953005
41	0.004789678074383951
42	0.02243053625789392
43	0.0592086969108598
44	0.09253893349251623
45	0.1302784161609197
46	0.15329669307667432
47	0.20512152060586866
48	0.16500412690044533
49	0.06864610185511168
50	0.11682810585456015
51	0.09410789338972779
52	0.05703574011449689
53	0.01131149464480839
54	-0.027058130931928295
55	-0.05855035694997719
56	-0.07186475784108641
57	-0.08555633276640692
58	-0.06037354157963277
59	-0.0522317549192543
60	-0.04885370457532133
61	-0.07603592375854455
62	-0.07737177239783002
63	-0.11616710436380605
64	-0.10692900455581605
65	-0.10093846672972753
66	-0.12951288795646174
67	-0.13573105624610102
68	-0.11944431455257772
69	-0.05678693707648175
70	-0.07574126939741711
71	-0.10139948362857006
72	-0.0037105485466413907
73	-0.05538797849482016
74	-0.030418825277824236
75	-0.0160179922267835
76	0.005836267987712888
77	0.019576342443881116
78	-0.030369536263895627
79	0.01634913302967556
80	0.010776169727661891
81	0.03911963963973558
82	0.07046782005337346
83	0.09263447943423271
84	0.11215076624996935
85	0.09213266965258486
86	0.11227127635156414
87	0.1080619291758336
88	0.10877620532360854
89	0.058777516984545544
90	0.08747853712644636
91	0.0915999196044424
92	0.06722417079390076
93	0.08693185921562963
94	0.026842406716442436
95	-0.0407497462923866
96	-0.05948694582399799
97	-0.1001129868287432
98	0.01748586938756008
99	-0.000559496520810572
100	-0.00261696262032293
101	0.04694623626266335
102	0.02042084297817727
103	0.025936440998121434
104	-0.014742761065821541
105	-0.07308874930327743
106	-0.05591662930821569
107	-0.0468595346688657
108	-0.06426362410784563
109	0.019205967321770955
110	-0.00033437038427063415
111	-0.02575663798570212
112	0.0017015770516171638
113	-0.05350374278573366
114	-0.027029290553502186
115	-0.07507108505212925
116	-0.008802575861626364
117	-0.02902912959514765
118	-0.014089593559099401
119	0.04881776787064426
120	0.03765785714156625
121	0.04112606207222548
122	0.02297348767076897
123	-0.02645806816977934
124	-0.10117146077609174
125	-0.07386322269800379
126	-0.09372694500961441
127	-0.08112268488592139
128	-0.06334399577065992
129	-0.05459252813315906
130	-0.029458290896043682
131	-0.043262784868705634
132	-0.07295731124519013
133	-0.02970965426763149
134	0.01613549797041132
135	0.04405442248526843
136	0.14449573591192577
137	0.10144610791066135
138	0.09634496528332791
139	0.0258370168715221
140	-0.08184783191190143
141	-0.08208227734090415
142	-0.14733038768970613
143	-0.13353195635024734
144	-0.05200869320480303
145	-0.04198676929741526
146	0.007979887926325967
147	0.012691448350242182
148	0.044329719315080125
149	0.01654556778124916
150	-0.0770289706696176
151	-0.08716638093590326
152	-0.08757580083393078
153	-0.09031357066577766
154	-0.08424553095283048
155	-0.12051327465112176
156	-0.10553981607028279
157	-0.09459453426949392
158	-0.07814754133450541
159	-0.033882348366202346
160	-0.015793478951634014
161	-0.03432431442944064
162	0.008426229877815378
163	0.030295229447293525
164	-0.013891847808718853
165	-0.026845678873893265
166	-0.009653241948666624
167	0.020799139856979888
168	0.0076293344696088715
169	0.023659950168106996
170	0.05118684920186262
171	0.010153431504639404
172	-0.021168814609438247
173	0.007523278094660794
174	-0.022145096344641426
175	-0.004454640772726159
176	-0.01752035083275709
177	0.0021391916693478336
178	0.008331042203802859
179	0.08510744236815794
180	0.05525821223646105
181	0.13387151656147375
182	0.12154073970737674
183	0.02872409377865402
184	0.07470812993843833
185	0.005252472173101827
186	0.0040851217040611286
187	-0.13230690520058336
188	-0.09142916111565062
189	-0.10982525166839575
190	-0.15721490937445418
191	-0.06281760439276818
192	-0.08353449949741128
193	-0.11941462230277701
194	-0.05219723731403422
195	-0.04701314872236714
196	-0.008931789012012123
197	0.04316985331114077
198	0.06354350302145848
199	0.10900392839210155
200	0.09117126533468645
201	0.06896789850431491
202	0.09476411234810315
203	0.05415958153066933
204	0.0814290563378073
205	0.03121161926325008
206	0.08585123364225555
207	0.0066816453710667216
208	-0.0251903730449615
209	-0.0459788482066417
210	-0.07201222513148779
211	-0.12254988175164562
212	-0.08467930958408103
213	-0.07668214151900715
214	-0.09208274297797402
215	-0.022239094391156948
216	-0.03268474206098252
217	-0.004896384135382266
218	0.004750596651196565
219	0.00436882507801229
220	-0.018669690603887425
221	0.04280496550409245
222	-0.0778889972907008
223	-0.09775626478288875
224	-0.07008118598324643
225	-0.06121354318831575
226	-0.09807739731138108
227	-0.09222508739097797
228	-0.0195120476586054
229	0.055323366258819485
230	-0.03248370523111325
231	0.05841065041264932
232	0.017726666422153845
233	-0.04560072963854735
234	-0.14304513732922314
235	-0.1430422134288491
236	-0.12297814495912623
237	-0.11298474155913643
238	-0.1211713718384194
239	-0.03068083371161766
240	-0.10138676790120167
241	-0.08275709695892478
242	-0.11097393316404375
243	-0.06373350125112817
244	-0.0458781703308433
245	0.03520170503741288
246	0.2013153903118412
247	0.23286088519418688
248	0.25590261084043425
249	0.2438611172446067
250	0.25977860609443126
251	0.20310146156015524
252	0.14066000145168633
253	0.13702070934657615
254	0.1060734608198561
255	0.12247436703085654
256	0.07904389602827443
257	-0.0043116062944023705
258	0.012245507577112761
259	-0.09705484565467423
260	-0.091134097553126
261	-0.02777938322224211
262	-0.10022664594662863
263	-0.017378873304731035
264	-0.15076614881274283
265	-0.0915619656606843
266	-0.0594845549134789
267	-0.07389453867536584
268	-0.12252677962805453
269	-0.21863914572824508
270	-0.2627738161981974
271	-0.22925583970067123
272	-0.20885022265851458
273	-0.2102817697258954
274	-0.18991003611063786
275	-0.15090642228405093
276	-0.15966155891558198
277	-0.12122030963391935
278	-0.056193077175574806
279	-0.05465784323896097
280	0.09929603826807275
281	0.10301231675053371
282	0.1857430333628697
283	0.20820333272040295
284	0.22996383060729697
285	0.211039149252779
286	0.09319942074766674
287	0.14606339536279273
288	0.17052636961737874
289	0.2000980087099356
290	0.2873595070592065
291	0.16895651394669606
292	0.14895643156694682
293	0.28468764788319983
294	0.19431242943507876
295	0.2526053441775828
296	0.27708842418266144
297	0.20804668412102656
298	0.22381204199838425
299	0.1640724321587319
300	0.15541594012164187
301	0.05928296723215893
302	0.043739594173080494
303	-0.012133550419283027
304	-0.0693234662548817
305	0.03077726517150603
306	-0.05397387066257699
307	-0.022959446583300663
308	0.034568210937309864
309	-0.14924643901310644
310	-0.10128370928823008
311	-0.11632797306248661
312	-0.2258313981914915
313	-0.10832629188493474
314	-0.1591401552636519
315	-0.13330997119507634
316	-0.2549357150920104
317	-0.24946811057797555
318	-0.14863031405602412
319	-0.05947304889400085
320	-0.08669332351618055
321	-0.10683958606384507
322	-0.03712090783240701
323	0.06635344531332837
324	-0.06467961906903093
325	-0.02050400096467585
326	-0.05326855337978282
327	-0.02368863851235502
328	-0.05187150292593578
329	-0.039833652914054794
330	0.02127354512575544
331	0.045901459940321895
332	0.09484261265794483
333	0.20193171809937785
334	0.2769959012654677
335	0.3923005068990257
336	0.27809582824842394
337	0.32749232461626887
338	0.36937008612320293
339	0.41248448970340096
340	0.5154638809161728
341	0.45097392296947636
342	0.36262923013583914
343	0.21295117876313957
344	-0.07977711201797685
345	0.07692187160092627
346	-0.07770282268043084
347	-0.05440524030146034
348	-0.13284436794992127
349	-0.22167453500880305
350	-0.3063778589424081
351	-0.386114760200872
352	-0.3521263346339346
353	-0.301649439574996
354	-0.32693258989485624
355	-0.37331641823115824
356	-0.3730431564615548
357	-0.36387873345970884
358	-0.36795288383302077
359	-0.36559538471382635
360	-0.27665727086491343
361	-0.22455032575513537
362	-0.14277004071104762
363	-0.025886530914695262
364	-0.03630728906094456
365	0.055601592010419025
366	0.1957247327063824
367	0.36590326088119546
368	0.28462973336536024
369	0.21637124021070595
370	0.23050809460266802
371	-0.04750246241744702
372	-0.004271690588157171
373	-0.14689449037944793
374	-0.11367089280129378
375	0.1197162982620592
376	-0.09296365465807704
377	-0.1882886142647201
378	-0.2717134559633155
379	-0.17634948864170544
380	-0.24558073797365781
381	0.005595783442153764
382	0.02560449727333394
383	-0.016264182847099996
384	-0.05934065664399494
385	-0.2986429932266887
386	-0.1937130115861602
387	-0.09994314534862137
388	-0.1309784002121443
389	-0.3348661548680752
390	-0.0890589016552182
391	-0.1833972326317421
392	0.0030517971683521805
393	0.045768333889273746
394	-0.008050760831740993
395	0.025242695054870704
396	-0.10544329781222701
397	-0.013589019644527122
398	-0.05136712688630963
399	0.8433607352404688
Autocorrelation sum: 1.2051325115425318
Autocorrelation length: 0.6025662557712659